4294967279,260
4294967279,162
4294967294,83
4294967294,1420
4294967294,99
4294967294,91
4294967294,88
4294967294,107
4294967294,92
4294967294,388
4294967279,392
4294967279,447
4294967279,158
4294967294,392
4294967294,46
4294967294,390
4294967294,114
4294967279,153
4294967279,152
48,5
48,4
48,3
48,2
48,1
4294967279,446
4294967278,377
4294967278,0
4294967279,146
4294967279,398
4294967279,386
4294967279,142
4294967279,139
4294967294,5
4294967279,277
4294967294,417
4294967279,133
4294967279,283
4294967279,272
4294967279,430
4294967294,17
4294967294,1422
4294967294,128
4294967294,186
4294967294,426
4294967294,438
4294967279,396
4294967279,276
4294967294,22
4294967294,1035
4294967294,38
4294967294,1423
4294967294,53
4294967294,1021
4294967294,1
4294967294,476
4294967294,2
4294967294,0
4294967294,419
4294967294,1019
4294967294,1018
4294967294,150
4294967294,28
4294967294,989
4294967294,27
4294967294,90
4294967294,86
4294967294,84
4294967294,475
4294967294,394
4294967294,24
4294967278,376
4294967279,286
4294967279,394
4294967279,263
4294967294,94
4294967294,89
4294967294,96
4294967279,259
4294967279,262
4294967279,284
4294967279,275
4294967294,9
4294967294,8
0,7
4294967294,93
4294967294,95
4294967278,375
4294967279,258
6,1
37,1
4294967278,351
37,4
4294967279,445
4294967278,350
4294967278,374
4294967279,444
4294967278,256
4294967278,373
4294967278,347
4294967278,255
4294967278,372
4294967278,344
4294967278,371
4294967278,343
4294967278,250
4294967279,443
4294967278,248
4294967279,442
4294967278,247
4294967278,245
4294967278,370
4294967278,241
4294967278,238
4294967278,342
4294967278,236
4294967278,234
4294967278,233
4294967278,230
4294967278,229
4294967278,227
4294967294,50
4294967294,1421
4294967294,61
4294967294,18
4294967294,20
4294967294,67
4294967278,225
4294967278,223
4294967279,441
4294967278,221
4294967278,219
4294967278,216
4294967278,215
4294967278,341
4294967278,369
4294967278,340
4294967278,368
4294967279,440
4294967278,362
4294967278,361
4294967279,439
9,2
4294967278,207
4294967278,339
9,5
4294967278,205
9,1
9,4
4294967294,7
4294967294,6
19,2
4294967278,309
4294967278,308
4294967278,201
2,7
4294967294,41
4294967294,470
4294967294,12
4294967294,473
4294967294,25
4294967294,26
4294967294,1038
4294967294,81
4294967294,68
4294967294,11
4294967279,438
4294967279,410
4294967279,0
4294967278,307
4294967278,199
19,4
4294967278,306
4294967278,197
4294967278,195
27,4
4294967278,334
4294967278,193
2,5
4294967278,305
6,4
2,4
4294967278,132
4294967278,131
4294967278,130
4294967278,129
4294967278,128
4294967278,127
4294967278,126
4294967278,125
4294967278,124
4294967278,123
4294967278,122
4294967278,121
4294967278,120
4294967278,119
4294967278,118
4294967278,117
4294967278,116
4294967278,115
4294967278,114
4294967278,113
4294967278,112
4294967278,111
4294967278,110
4294967278,109
4294967278,108
4294967278,107
4294967278,106
4294967278,105
4294967278,104
4294967278,103
4294967278,102
4294967278,101
4294967278,100
4294967278,99
4294967278,98
4294967278,97
4294967278,96
4294967278,95
4294967278,94
4294967278,93
4294967278,92
4294967278,91
4294967278,90
4294967278,89
4294967278,87
4294967278,86
4294967278,85
4294967278,84
4294967278,83
4294967278,82
4294967278,81
4294967278,80
4294967278,79
4294967278,78
4294967278,304
4294967278,77
4294967278,76
4294967278,75
4294967278,74
4294967278,333
4294967278,73
4294967278,72
4294967278,331
4294967278,71
4294967278,70
4294967278,69
4294967278,68
4294967278,67
4294967278,329
4294967278,66
4294967278,65
4294967278,359
4294967278,64
4294967278,63
4294967278,328
4294967278,62
4294967278,61
4294967278,299
4294967278,60
4294967278,59
4294967278,58
4294967278,57
4294967278,260
4294967278,346
4294967279,433
4294967279,74
4294967279,407
4294967279,72
4294967279,69
4294967279,65
4294967279,402
4294967279,393
4294967279,53
4294967279,52
4294967279,49
4294967279,48
4294967279,45
4294967279,391
4294967279,390
4294967279,41
4294967279,294
4294967279,39
4294967279,36
4294967279,33
4294967279,32
4294967279,30
4294967279,26
4294967279,25
4294967279,24
4294967279,22
4294967279,20
4294967279,18
4294967279,15
4294967279,12
4294967279,11
4294967279,9
4294967279,8
4294967279,7
4294967279,6
4294967279,5
4294967279,4
0,5
4294967278,191
3,4
4294967278,367
4294967279,437
4294967278,366
44,5
44,4
44,3
44,2
44,1
4294967278,365
4294967279,436
4294967279,435
4294967278,364
40,5
40,4
40,2
40,1
4294967294,471
4294967278,363
4294967293,131
4294967293,130
4294967293,129
4294967293,128
4294967293,127
4294967293,126
4294967293,125
4294967293,124
4294967293,123
4294967293,122
4294967293,121
4294967293,120
4294967293,119
4294967293,118
4294967293,117
4294967293,116
4294967293,115
4294967293,114
4294967293,113
4294967293,112
4294967293,111
4294967293,110
4294967293,109
4294967293,108
4294967293,107
4294967293,106
4294967293,105
4294967293,104
4294967293,103
4294967293,102
4294967293,101
4294967293,100
